 0.1814151 0.0543530 1.1114990
 0.6040401 -0.3058927 1.6888374
 0.2478596 0.0668169 0.6826936
 0.1547383 0.0924797 0.7594672
 0.3101719 -0.0094051 0.9743011
 0.2801964 -0.0190841 0.8885015
 0.2714380 0.1022364 0.8528830
 0.2641090 0.0912988 0.8416574
 0.0651046 0.1012664 0.9468555
 -0.0095785 -0.3000159 1.5454606
 0.2099337 0.1632601 0.6816576
 0.1978932 0.1327188 0.7947823
 0.1318353 0.1320693 0.8004115
 -0.0211379 0.0075664 1.0532290
 0.5729808 -0.3688498 1.6817788
 -0.1437669 0.1027405 0.9137769
 0.4645679 -0.2831144 1.6875892
 0.2608520 0.0974296 0.9511179
 -0.2542651 0.1229868 0.8780835
 0.2524109 -0.1144586 0.9101964
 0.0136472 0.1522527 0.7749492
 -0.0463063 0.0528059 1.0393163
 0.0560581 -0.0561667 0.9882303
 0.0268610 -0.0615839 1.0072355
 -0.1462793 0.0577630 1.0382071
 0.0231067 -0.1512402 0.9739837
 0.2899775 0.0042089 0.9861373
 0.0300657 -0.1824803 1.1310520
 0.2614290 -0.0054744 0.9579264
 -0.1340946 0.0415393 1.0740139
 -0.0215664 0.1317622 0.8423376
 0.0634604 0.0559349 1.0838035
 0.1027544 -0.0213461 1.0896319
 0.5429034 -0.3148560 1.7358502
 0.5704009 -0.3492112 1.9492168
 0.2355776 0.0682129 1.0669930
 -0.2223176 0.1200482 0.8705657
 0.2600663 -0.0539397 0.9290231
 -0.0604640 0.3334581 1.1310729
 -0.1816481 0.1126396 0.9053275
 0.0859830 -0.0053231 1.2870960
 -0.0752857 0.1272806 0.9143286
 0.0038981 0.0439634 1.0533912
 0.0849793 0.1351994 0.8260007
 0.1496312 0.1473750 0.7729896
 -0.2249316 0.0436406 1.0831640
 -0.1639913 0.0436808 1.0680717
 0.0874599 0.1021792 0.9343932
 0.0886070 0.0959481 0.9616360
 -0.2257150 0.0762258 1.0201766
 0.2369053 0.1073276 0.6712555
 0.1861282 -0.0745400 0.9640191
 0.1049815 0.1389245 0.8125194
 0.2344002 0.1218513 0.7091568
 0.2226040 0.1322338 0.7205864
 0.2449947 0.0295358 0.9821636
 0.2669539 0.0212082 0.9887260
 -0.2590421 0.1069763 0.9275257
 0.2340220 0.1347656 0.6565609
 0.2550709 0.1199126 0.6764730
 0.2853820 0.1342630 0.7993518
 0.2068358 0.1101948 0.7707251
 0.1866011 -0.0904151 1.0844297
 0.2246504 0.1146594 0.7784581
 0.2238452 0.1085180 0.7783003
 0.3363540 0.0456357 1.0979829
 -0.0760524 0.0031027 1.0734169
 -0.2355730 0.2014682 0.6007077
 -0.1883510 0.1670596 0.6918263
 0.2004407 -0.0531929 0.9411671
 0.2412308 -0.0231827 0.9540172
 0.2280967 -0.0786709 0.9397229
 0.0706731 0.1200010 0.8920522
 0.2651931 -0.0667746 0.9352848
 -0.0702401 0.1187929 0.8599097
 0.3123471 0.0451709 1.1201938
 0.3543250 0.0127603 1.0610312
 0.3604170 0.0517400 1.0777545
 0.3193822 0.0202843 0.8600344
 -0.0408520 -0.0334679 0.1998594
 0.1578226 0.1043231 0.7939386
 0.1394548 0.1490393 0.7668253
 0.2455708 0.0529376 0.9178927
 0.2464898 0.1108500 0.6900612
 0.2223066 0.1401985 0.7787124
 0.2950935 0.1098171 0.9291390
 -0.0208256 0.1308499 0.8423083
 0.2449121 0.1406332 0.6840864
 -0.1905508 0.1675836 0.6966972
 0.2920800 0.0351159 1.1898319
 0.2676216 0.0784141 0.9980744
 0.2512061 0.1184168 0.7067339
 0.2364843 0.1185471 0.7230587
 0.3154492 0.0401893 1.0209351
 0.3291013 0.0139120 1.0294446
 0.3177764 -0.0514645 0.9867414
 0.3157780 0.0458717 0.9574974
 0.1989069 -0.0521996 0.9322115
 0.2280369 0.1430253 0.7187159
 0.2399334 0.1383051 0.6690980
 0.1976396 0.1318961 0.7929490
 0.1509525 0.0927094 0.7427556
 0.2816824 -0.1284396 1.0191441
 0.2680906 -0.0673808 0.9371625
 0.3029022 0.0066053 1.0184411
 0.2451135 0.0502729 0.9919573
 0.2727042 0.0996592 0.7877188
 0.2181093 -0.0754678 0.8977847
 -0.1855831 0.1619588 0.6735389
 0.1982391 0.1302922 0.7916396
 0.1367572 0.1488811 0.7639678
 0.2809740 0.1042922 0.8204222
 0.2060307 -0.0770314 1.0211239
 0.0969579 0.1004954 0.9371504
 0.2233542 0.1139742 0.6927575
 0.3283255 -0.0586441 0.9978294
 -0.0750926 0.1023226 0.9090086
 0.1956983 0.1162614 0.7748216
 0.3141263 -0.0355558 0.9838797
 0.3339678 0.0716374 1.0113658
 0.2050429 0.0458141 0.6472447
 0.1315186 0.1482527 0.7995376
 0.2352458 0.0668198 1.0598239
 0.2185628 0.1372349 0.7725490
 0.2084466 0.1100275 0.7496732
 -0.1853126 0.1604362 0.6660247
 0.2751768 0.0311617 1.1309659
 0.2140057 0.1117305 0.6730060
 0.2135334 0.1491809 0.6902243
 0.2723667 0.0768814 0.9964554
 0.0428767 -0.0983279 1.0152315
 0.2549428 -0.0017248 1.0115212
 0.2028001 -0.0748317 0.9623067
 0.2668076 -0.0296825 0.9016083
 0.3048877 0.1034719 0.9080775
 0.1819878 0.0529825 1.1144799
 0.2332119 0.0509257 0.7169469
 0.2638024 -0.0406040 0.9441780
 0.0878787 -0.1450902 0.8252437
 0.2033255 0.1137053 0.7563542
 0.2149896 0.1095882 0.7470748
 -0.1371050 0.1245224 0.8436756
 0.2611601 -0.0065019 0.9569689
 0.0213472 -0.1339357 0.7119567
 0.1051494 0.0564655 0.8616816
 0.1479215 -0.0938481 1.0315185
 -0.2367507 0.0851120 0.7931397
 0.2172125 0.1160603 0.7098703
 0.0787743 0.1323189 0.9829309
 0.1657028 -0.0363498 1.0413338
 0.2636312 0.0790789 0.9884403
 0.0866265 0.1364450 0.8290210
 0.2815547 0.1038939 0.8115774
 0.1520415 0.0871636 0.7615555
 0.2878358 0.1074465 0.9343610
 0.1671577 -0.0352155 1.0505228
 0.2846199 -0.0530886 0.9953411
 0.1858275 -0.0757120 0.9660128
 -0.0476726 0.0536494 1.0409245
 0.0976226 -0.0001118 1.1046550
 -0.1175228 0.1193783 0.8487203
 0.0280682 0.0119588 1.0367876
 0.2770297 0.1032059 0.9072317
 0.2564622 0.0337994 1.2581705
 0.3226406 0.0258121 1.0256495
 0.0691829 -0.1755432 1.0165887
 0.1494208 0.0474871 1.1532235
 0.0000056 0.0139791 0.9077291
 0.2001229 0.1309276 0.7901913
 0.2654960 0.0455460 0.9787033
 -0.0453231 0.1184014 0.8517761
 0.1411689 0.0736600 1.1301250
 0.1769968 0.0811867 0.9908413
 0.2462834 0.1312113 0.7995049
 0.1404332 0.0746804 1.1227041
 0.2631551 0.0972216 0.9665595
 0.2410580 -0.0243249 0.9578497
 -0.0564148 0.2432272 0.9171590
 0.1945326 0.1518520 0.6362762
 0.2422912 0.1435722 0.7800499
 0.0209487 0.1267785 0.8514692
 0.3126029 0.0224329 1.0022761
 0.2007645 0.1076624 0.7534700
 0.1015738 0.1037805 0.9478783
 0.1171861 0.0810137 0.7162314
 0.2281542 -0.0784909 0.9433728
 0.1511296 0.1469061 0.7849753
 0.2561677 -0.0851754 1.0383915
 -0.0808597 0.1221855 0.8591792
 -0.0655136 0.1027236 0.9225719
 0.0087664 0.0736184 1.0547467
 -0.2354406 0.1264381 0.9192549
 -0.0811477 0.1042489 0.9216732
 -0.1633736 0.0982074 0.8023294
 -0.2732882 0.4193579 1.7406381
 0.0070763 0.0452627 1.2806730
 0.1698324 -0.0337030 1.0627310
 -0.0997133 0.1259846 0.8464733
 0.1308624 0.1312358 0.7981238
 -0.1484715 0.0995134 0.9343662
 0.0100726 0.1100167 0.8779435
 0.0678452 -0.0115543 1.0851383
 -0.2573812 0.1063100 0.9254370
 0.0676789 -0.1752560 1.0129250
 0.2243153 0.1416913 0.7812412
 -0.0477671 0.1062427 0.9146847
 -0.0889313 0.1022572 0.7138397
 -0.2114522 0.1112709 0.8228256
 0.1987177 0.1179446 0.7962848
 0.1437863 0.1520170 0.7779563
 0.2842589 0.1092215 0.9424883
 0.0250515 0.0459873 1.0672272
 -0.2365084 0.0954176 0.9025185
 0.1515596 -0.0661396 0.9320706
 0.4502313 -0.2918579 1.6603069
 0.3844136 -0.3137399 1.7166567
 -0.2773862 0.1816238 0.9265412
 0.2906859 0.0361817 1.1543572
 0.0506912 -0.1145408 0.9641541
 0.0547801 -0.0559278 0.9915901
 0.0308918 0.0564859 1.0793182
 0.0675311 0.0995810 0.9464785
 0.1762467 0.0099621 1.4661078
 0.1555683 0.0053113 1.4700259
 0.0536728 -0.0560256 1.0119234
 -0.0478166 0.0534041 1.0001401
 -0.0961546 0.0500819 0.8625084
 -0.0983015 0.0013623 1.0567846
 -0.0854154 0.1073142 0.6939102
 -0.3153253 0.1423039 0.9130280
 -0.3641925 0.2699341 0.9218934
 0.2602262 -0.0527220 0.9257613
 0.0303334 0.0579665 1.0810775
 0.5801827 -0.3629015 1.9663460
 -0.1021559 0.0601275 1.0660305
 0.0280416 -0.0609832 1.0102236
 0.5371218 -0.3325550 1.8378230
 -0.1041173 0.0581210 1.0810997
 -0.3715290 0.0512787 1.1673323
 0.1809508 0.0435953 1.1150113
 0.2018931 0.1193012 0.7992957
 -0.3511923 0.0484204 0.9926883
 -0.2110668 0.0567326 1.0174613
 0.2359777 0.0674589 1.0616038
 0.6160406 -0.3841438 2.0838182
 -0.2880851 0.0477684 1.0700833
 -0.3388216 0.0699646 1.0731025
 0.0522568 -0.1128271 0.9628346
 0.0298204 0.0110079 1.0324345
 0.0330024 0.1423810 0.7849806
 -0.3542996 0.0735491 1.1325415
 -0.1291218 0.0568401 1.0726416
 -0.3710891 0.0387821 1.0545591
 -0.4285021 0.0358720 1.2565844
 -0.3428876 0.0841054 1.2091668
 -0.3607539 0.0714596 1.0412107
 -0.1642211 0.3572099 1.2777355
 -0.2924494 0.0678862 1.0321971
 -0.3214188 0.0439655 1.0151367
 -0.3854150 0.0535502 1.0854394
 -0.2755634 0.0627623 1.1879205
 0.2063191 0.1157542 0.7654098
 -0.2635539 0.0169126 1.0434396
 -0.1700795 0.0189499 1.0994745
 0.2048418 -0.0505427 0.9466694
 -0.0772232 0.0357035 1.0744690
 0.2103979 -0.0060712 1.0445026
 0.1497316 -0.0929966 1.0207536
 0.1838395 0.0502463 1.1214592
 0.3660369 -0.2912325 1.7202461
 -0.2866279 0.1819274 0.9493058
 -0.2843563 0.0230939 1.1954036
 -0.2366852 0.0192649 1.1881422
 -0.1513359 0.0225041 1.1016121
 -0.2768000 0.0553063 0.8355044
 -0.1498363 -0.0090214 1.0978545
 -0.2739043 -0.1932571 1.1406332
 -0.1545177 0.0237720 1.0971274
 0.2796062 0.0306904 1.1670790
 -0.0764481 0.0346813 1.0745170
 0.1998692 0.0209034 1.0833986
 -0.2687724 0.0390203 0.8383507
 0.1304492 0.0691214 1.0497135
 -0.3200509 0.0704219 1.0213037
 0.0634314 0.0475805 1.1049054
 -0.4956191 0.0746859 1.2621518
 0.0616415 0.0474644 1.1023768
 0.1907867 0.0506705 1.1563972
 0.0687616 0.1183943 0.8882397
 0.2284991 0.1618871 0.7752885
 -0.3951236 0.2966749 1.0054750
 -0.3476190 0.0835044 1.2093989
 0.1308868 0.0687117 1.0549619
 0.1964893 0.1057880 0.7412654
 -0.1704298 -0.0115141 0.8922758
 -0.0950719 0.0228877 0.9758780
 0.1523478 0.0925517 0.8944342
 -0.2874011 0.0210655 1.0058429
 0.1500246 -0.0144611 1.0711262
 -0.1022644 0.0301181 1.0822645
 0.2760318 0.0969645 0.8959051
 -0.3279942 0.1626347 0.9943947
 -0.1568908 0.0841390 0.9923108
 -0.3242301 0.0790550 0.9694579
 -0.2488756 0.1081091 1.0031551
 -0.2773218 0.1160926 1.0215127
 0.0349143 -0.0787581 0.8641382
 0.1172976 0.0021843 1.1225849
 -0.2144478 -0.1170228 0.9006599
 0.3713328 0.0433782 1.4551729
 0.2254075 0.1208342 0.7944344
 -0.0061652 0.0961804 0.9443532
 0.1258541 0.1202243 0.7758321
 0.3059045 0.0128928 0.9598315
 0.1715043 0.0814205 1.0157735
 0.2766863 -0.0261068 0.9151015
 -0.2235802 0.0636276 1.0058970
 0.2084281 0.1141978 0.7664137
 0.0305871 -0.0090921 1.0279464
 0.0406069 -0.0987874 1.0022255
 0.1383392 0.0073382 1.3832924
 0.1116665 0.0001367 1.2857087
 0.1408406 0.1401765 0.7863274
 -0.0281690 -0.2466645 1.5161583
 0.0295903 -0.0072673 1.0266715
 -0.0002234 0.0146601 1.0436538
 0.0564737 -0.0041744 1.0124569
 -0.2383514 0.0983821 0.8662598
 0.2012149 0.0159586 1.1203580
 -0.0753237 0.0044455 1.0720155
 0.1268156 0.1414050 0.7871755
 -0.0466148 0.0909321 0.9555664
 0.2673264 0.0903351 0.8046312
 0.2739847 -0.0288129 0.9171616
 0.3344614 0.0705370 1.0076358
 0.2130872 0.1448733 0.6793526
 0.2462747 -0.0393387 0.7817415
 0.0960960 -0.0919345 1.0590230
 -0.2586824 -0.1819332 1.0755087
 0.1863009 -0.0619689 0.9325107
 0.2068247 0.0141755 1.0443109
 0.0924211 -0.0916109 1.0585756
 0.2377375 -0.0543537 0.9342874
 0.1352858 0.0045757 1.3454477
 -0.3695945 -0.2561083 1.5703617
 0.1035245 -0.0011571 1.2358972
 0.0079490 0.0734604 1.0526612
 0.2692973 -0.1237307 0.9754646
 0.2937700 -0.0296760 0.9762833
 0.2246111 0.1192455 0.7312937
 0.0643978 -0.1697047 0.9809354
 0.2237232 0.1070106 0.7775387
 0.2427344 0.1439705 0.7853601
 0.3607723 0.0520686 1.0870994
 0.0986830 0.0981031 0.9507183
 0.1269314 0.1490948 0.7895644
 0.1998064 -0.0076510 1.0464594
 0.2714624 0.1239853 0.8962108
 0.2407608 0.0704407 1.0799626
 0.1712351 -0.0836178 0.9980071
 0.0062781 0.1273270 0.8413721
 0.0281159 -0.1899951 1.0665997
 0.2205459 0.1150533 0.8597357
 0.1264763 0.1419480 0.7837703
 0.0053709 0.0410928 1.0635802
 0.1263097 0.0465321 1.1543723
 -0.0195116 0.0374544 1.0656216
 0.2001297 -0.0653207 0.9967690
 0.2457703 0.0487570 0.9866757
 -0.0009905 0.0135554 1.0424151
 0.3063552 0.0158126 0.9145160
 0.5702617 -0.2464753 1.4610958
 -0.0404522 0.1313684 0.8401803
 -0.1002585 0.0318066 1.0815634
 0.2010850 -0.0750904 0.9601424
 0.3646052 0.0098601 1.0930475
 0.1676929 -0.0331131 1.0528404
 0.0790593 0.0980589 0.9675913
 0.2443595 -0.0324384 0.9985987
 0.0512075 -0.1131446 0.9635109
 0.1231489 0.0798339 0.7609844
 0.2277731 0.1652933 0.7799768
 0.2606952 -0.0611041 0.9336851
 0.1670999 -0.0341999 1.0503556
 0.1453578 -0.0912652 1.0029980
 -0.0978123 0.0016815 1.0786133
 0.2467335 -0.0447859 1.0646257
 0.1238836 0.0856929 0.7538596
 0.1978796 -0.0735261 0.9980054
 -0.1171264 0.1216949 0.8448187
 -0.0160525 0.1211445 0.8654273
 0.1458281 0.0888658 0.9878345
 -0.1070163 0.1269810 0.8476577
 0.2585748 -0.0769699 0.9348388
 0.1755762 0.1575803 0.7631487
 0.2682348 0.1530001 0.7590542
 0.0726053 -0.1882077 1.0766658
 0.2616845 0.1035727 0.9726252
 -0.0670255 0.1172433 0.8571501
 -0.0453232 0.1177014 0.8458197
 0.1222561 0.0824012 0.7468932
 0.1523472 -0.0134112 1.0724400
 -0.1051166 0.1157822 0.8503944
 0.0243160 -0.1230957 0.9841802
 0.1670479 -0.0839566 0.9880293
 0.0234549 0.1009052 0.9274445
 -0.0956601 0.0004815 1.0781075
 -0.1009710 0.1260563 0.8470612
 0.2284662 0.0546078 0.6800634
 -0.1588422 0.0415338 1.0536301
 0.2024833 -0.0067716 1.0493436
 0.0617976 -0.1466341 0.9725928
 0.0621112 -0.0292435 1.0034751
 0.3146729 0.0181537 0.8486676
 -0.0648903 0.1051598 0.9107711
 0.2637212 0.0834601 0.7777087
 0.1956023 0.1420176 0.8010618
 -0.1186260 0.0656836 1.0223742
 0.2658675 -0.0666223 0.9364023
 0.1246527 0.1457666 0.7740168
 0.2213051 0.1509592 0.7078918
 0.1408414 0.0892985 0.9974040
 -0.1079157 0.1168702 0.8555877
 0.2505802 0.1303940 0.7634584
 0.3011073 0.1817732 0.8051753
 0.4155515 -0.0124218 0.9424238
 0.2014005 0.1181756 0.7990255
 0.2215650 0.1583657 0.7675712
 -0.0072870 0.0941608 0.9397519
 -0.0204837 0.0073085 1.0534478
 -0.0457426 0.1084306 0.9131065
 0.3238393 0.1035190 0.9393144
 0.2693052 0.3114456 1.1262631
 0.0136094 0.1534335 0.7761605
 0.0589301 -0.0021290 1.0110598
 0.1842628 0.1656688 0.7392845
 0.0170002 0.1499837 0.7663202
 0.1306917 0.0684813 1.0544591
 -0.0430650 0.1199899 0.8540710
 0.2795636 0.0036908 0.9155217
 0.3370629 0.1075113 0.9307988
 0.2798784 0.1302258 0.8181381
 0.2669382 0.0843676 0.7797589
 0.2631538 0.0649902 0.9817230
 0.1334061 0.0716179 1.0595046
 0.1348497 0.1511534 0.7695278
 0.1956559 0.1408225 0.7980801
 0.2761925 0.0917619 0.7923919
 0.0244495 -0.1228305 0.9843948
 0.1526297 -0.1109576 1.0322289
 0.2779799 0.1301241 0.7514480
 0.2816250 0.0947769 0.7999277
 -0.1178123 0.1177207 0.8481269
 0.2378218 -0.0229610 0.9574710
 0.2120372 0.1073594 0.8378037
 0.3057638 -0.3128906 1.8224832
 0.0184225 0.1442551 0.7819748
 0.0294591 -0.1833416 1.2063739
 0.2294344 -0.0346046 0.9562600
 0.1977559 -0.0753663 0.9566422
 0.2299353 0.0207402 1.1041758
 0.3138891 0.0988810 0.9196814
 -0.1390654 0.0386775 1.1127714
 0.2305111 -0.0785273 0.9466805
 0.2432372 0.0728732 1.0889101
 0.2624848 0.0240649 1.0284384
 0.1321872 0.0696957 1.0531929
 0.1513780 0.0924092 0.9651701
 0.1872533 -0.0890065 1.0105573
 0.0291589 -0.0062818 1.0267227
 0.2860163 -0.0257005 0.9394595
 0.2082160 0.1223319 0.8111047
 -0.0445054 0.1164277 0.8431964
 0.2495992 0.0712432 1.0617659
 0.2530802 0.0968894 0.9803937
 -0.0952532 -0.0000393 1.0796968
 -0.0890343 0.0599248 1.0711778
 0.1476596 0.0311724 1.1470110
 0.0059691 0.1367083 0.8039762
 0.2563986 0.0598629 1.0604621
 0.2650459 -0.0670087 0.9230940
 0.1265289 0.1404237 0.7856480
 -0.2082032 0.0613562 1.0030148
 0.0273655 0.0123082 1.0373210
 -0.1005968 0.1162694 0.8548295
 -0.1170670 0.1199425 0.8465131
 0.1582645 -0.0917301 1.0332267
 -0.1027066 0.1164347 0.8489731
 0.1454292 0.0396243 1.1576453
 0.2891228 0.0919388 0.9499458
 -0.1388128 0.1263179 0.8438585
 0.0863216 0.0940626 0.9570094
 -0.1452653 0.0578892 1.0350220
 -0.2257127 0.0067824 1.1519747
 0.0151224 0.1427743 0.7908896
 -0.1671734 0.1093015 0.9189875
 -0.1878059 0.0442672 1.1031177
 -0.2388858 0.0094297 1.1659634
 -0.0067551 0.1315492 0.8378266
 -0.0451722 0.0930138 0.9515645
 -0.0052866 0.1333504 0.8368045
 -0.1449144 0.0514237 1.0985394
 -0.1273252 -0.0004916 1.0923957
 -0.0207337 0.0360889 1.0642091
 0.1466787 0.0315927 1.1507254
 -0.0479195 0.0968267 0.9366882
 -0.0029136 0.1319036 0.8242779
 -0.1247319 0.1013312 0.9214396
 -0.1187977 0.0665432 1.0231082
 -0.0982826 0.1028756 0.9195204
 0.2059391 0.0459604 1.0382953
 0.1852212 0.0806020 1.0113376
 0.1997624 0.0882967 1.0373019
 0.0670626 0.1135527 0.8723199
 0.0793290 -0.0427754 1.2243147
 -0.1604426 -0.0096358 1.0975692
 -0.2463392 0.0577337 1.0647389
 -0.2263312 0.0819908 1.0110407
 0.0636416 0.1010950 0.9453401
 0.0557000 0.1463004 0.7889020
 -0.2588145 -0.0223452 1.1430007
 -0.2220591 0.1081162 0.9221078
 -0.1472338 0.0991103 0.9353130
 -0.2350421 0.0904716 0.9775394
 -0.1303614 0.0540541 1.0792193
 -0.1571014 0.0846839 0.9919212
 0.0900957 0.1090870 0.9351920
 -0.1975986 0.0492263 1.0885762
 -0.2224580 0.1083875 0.9217669
 -0.0489334 0.1125217 0.8604558
 0.0696728 0.1206031 0.8946981
 -0.2232877 0.0622417 1.0025804
 -0.1557861 0.0828581 0.9936855
 -0.2007443 0.1035857 0.9211810
 -0.1470660 0.0556802 1.0393096
 -0.1422411 0.0534236 1.0411642
 -0.1004431 0.1179046 0.8583553
 -0.1934392 0.1098099 0.9085193
 -0.1270989 0.0592999 1.0698322
 -0.2827503 0.0284717 1.1635932
 -0.1444357 0.1031204 0.9130529
 -0.2451180 0.0515163 1.0879378
 -0.1077587 0.0605533 1.0419366
 0.0343035 0.1321014 0.8127843
 -0.1424652 0.0512787 1.0956846
 0.0120301 0.1286947 0.8762465
 -0.1073623 0.0571449 1.0796825
 -0.2012762 0.0823689 1.0159190
 -0.0448328 0.0973432 0.9452499
 0.1509486 -0.0142603 1.0722371
 -0.1662687 0.0491065 1.1160753
 -0.1065219 0.1030556 0.9273659
 0.0867956 0.1023773 0.9351022
 -0.0017379 0.1496699 0.8180601
 -0.0784990 0.0911757 0.9602351
 -0.1147163 0.1145118 0.8518884
 0.1296534 0.0681350 1.0503236
 -0.2394149 0.0398363 1.1651833
 -0.0223617 0.0354135 1.0635617
 -0.0015075 0.0133458 1.0423640
 -0.2402764 0.0243526 1.1842917
 -0.2890097 0.0200990 1.1712279
 -0.2185019 0.0179060 1.1232076
 -0.2150986 -0.0152137 1.1223865
 -0.1179624 0.1178267 0.8489325
 -0.1565182 0.0834820 0.9920061
 -0.1567667 0.0839872 0.9955850
 -0.1179174 0.0558453 1.0772332
 -0.2479801 0.0341920 1.1408303
 -0.1251400 0.0612167 1.0617299
 0.1265442 0.0640340 1.0452954
 -0.2254935 0.0993371 0.9293754
 -0.1583299 0.0143723 1.0994445
 -0.0817088 0.0590186 1.0672286
 0.1461993 0.0327652 1.1547065
 -0.2076401 0.0614236 1.0023208
 -0.2129671 0.0398149 1.1191561
 -0.2167437 0.0153093 1.1227678
 -0.2531372 0.0434531 1.1130141
 -0.1424588 0.0528155 1.0415800
 -0.1150983 0.0571077 1.0828203
 -0.1617236 0.0493312 1.1213993
 -0.2592365 -0.0296620 1.1403478
 -0.2323887 0.0361810 1.1307656
 -0.1350833 0.0545715 1.0466537
 -0.0739967 0.0617327 1.0638901
 -0.2765494 0.0839979 1.0052575
 -0.2481216 0.0393875 1.1679612
 -0.3040361 0.0236366 1.1881468
 -0.0920531 0.0556983 1.0582697
 -0.2544561 0.0503679 1.0943334
 -0.2613311 0.0455138 1.1083102
 -0.3177327 0.0391657 1.1330640
 -0.2411704 0.0390178 1.1244595
 -0.2793461 -0.0152702 1.1922582
 -0.3011662 0.0763052 1.0325139
 -0.0789930 0.0909362 0.9609424
 -0.3182305 0.0391841 1.1321564
 -0.0070732 0.0924399 0.9330800
 -0.2454816 0.0521740 1.0896300
 -0.3073295 0.0229925 1.2245694
 -0.2406422 0.0190817 1.1651666
 -0.3061356 0.0463995 1.0289720
 -0.3115401 0.0303598 1.1590421
 -0.3071260 0.0247267 1.0614263
 0.0509157 -0.1131980 0.9633029
 0.0390940 -0.0975691 0.9993909
 0.0518842 -0.1029947 0.9638908
 -0.2796371 -0.0145082 1.1934160
 -0.2882190 0.0496867 1.0493578
 -0.0427627 0.0816453 0.9795832
 -0.3014034 0.0231075 1.1785228
 -0.0429321 0.0728841 0.9951769
 -0.1639028 0.0440104 1.0733414
 -0.2361178 -0.0711752 1.0819720
 0.0240790 -0.1222642 0.9841076
 0.0041957 0.0438430 1.0570018
 -0.2045716 0.0558593 1.0113533
 -0.3065387 0.0264918 1.0659014
 -0.1858152 0.0453606 1.1046036
 -0.2766179 0.0437043 1.1195455
 -0.0962432 0.0084304 1.0763023
 -0.2032295 0.0435142 1.0991150
 -0.1602155 -0.0088889 1.1012567
 -0.1983317 0.0425250 1.1098669
 -0.2960970 0.0331232 1.1500093
 -0.1116145 0.0730559 1.0061473
 -0.3424750 0.0387203 1.1395124
 -0.3354765 0.0290247 1.1711876
 -0.2997256 0.0371263 1.1273861
 -0.2677139 0.0421591 1.1264628
 -0.2412889 0.0384725 1.1250674
 -0.1232351 -0.0008035 1.1104182
 -0.1794804 0.0453335 1.0972805
 -0.2717174 0.0338896 1.1436838
 -0.2833535 0.0231769 1.1986467
 -0.2489309 0.0378498 1.1292899
 -0.2958429 0.0335311 1.1512331
 -0.2935972 0.0311556 1.1639103
 0.0026604 0.0713240 1.0412712
 -0.3065615 0.0465011 1.0274881
 -0.2763815 0.0432600 1.1179957
 -0.3363148 0.0375506 1.1533269
 0.0859493 0.4736541 2.0159752
 -0.3453527 0.0579883 1.1114800
 -0.1828502 0.0491905 1.0755525
 -0.3035773 0.0556223 1.0214654
 -0.3006893 0.0332007 1.0472999
 -0.3092153 0.0483441 1.0846902
 -0.2835853 0.0766532 1.0037323
 -0.2768291 0.0075275 1.1880878
 -0.1756320 0.0517466 1.0916888
 -0.3291153 0.0494934 1.0108012
 -0.3303121 0.0781200 1.0016550
 -0.3213335 0.0908703 0.9851918
 -0.3205229 0.0903067 0.9811050
 -0.2721035 0.0335168 1.1449032
 -0.3257111 0.0855536 0.9906534
 -0.3290622 0.0495416 1.0146027
 -0.3230659 0.0372429 1.1510562
 -0.2814122 0.0141067 1.1924778
 -0.2757715 0.0411600 1.1318829
 -0.3457046 0.0514203 1.1009514
 -0.3436037 0.0325915 1.1229903
 -0.1593076 -0.0093304 1.0998218
 -0.3547907 0.0403064 1.1523647
 -0.3430130 0.0388745 1.0376763
 -0.0339488 0.0310615 1.0668776
 -0.3083540 0.0422138 1.1295378
 -0.3237901 0.0585497 1.0889517
 -0.2647034 0.0343481 1.1369798
 -0.1372751 0.0571127 1.1011629
 -0.3261583 0.0785477 1.0172691
 -0.3651450 0.0739139 1.0529188
 -0.3769020 0.0422369 1.0713891
 -0.3806633 0.0703127 1.0627781
 -0.3722878 0.0647684 1.0720570
 -0.3655110 0.0643519 1.0583638
 -0.2415459 0.0444181 1.1212169
 -0.2943621 0.0304551 1.1634488
 -0.3808621 0.0465102 1.1068357
 -0.3387548 0.0876932 1.0146364
 -0.3428416 0.0494095 1.0597810
 -0.3302204 0.0335657 1.1925526
 -0.2043169 0.0451755 1.1229650
 -0.2417201 0.0402555 1.1145962
 -0.1709939 0.0472622 1.1254935
 -0.3226063 0.0377212 1.1509124
 -0.3086919 0.0431644 1.1314428
 -0.3799108 0.0707786 1.0633618
 -0.3135035 -0.0229431 0.9337215
 -0.3881696 0.0684549 1.0678941
 -0.1246720 0.0539999 1.0764974
 -0.2480500 0.0342690 1.1410680
 -0.2337529 0.0428270 1.1111181
 -0.2904575 0.0529931 1.0232912
 -0.3490108 0.0385306 1.0255103
 -0.3073285 0.0462423 1.0283773
 -0.2081170 0.0277915 1.0351176
 -0.2556503 0.0326386 1.1452467
 -0.2572491 -0.0584065 1.1304706
 -0.3581043 0.0424752 1.1494304
 -0.3727597 0.0627863 1.0798510
 -0.3968738 0.0699605 1.0627409
 -0.1666939 0.0473194 1.1086974
 -0.3259926 0.0667837 1.1061581
 -0.1494254 0.0532781 1.1011754
 -0.3069959 0.0234711 1.2252669
 -0.3499549 0.0422319 1.0420793
 -0.2319885 0.0451690 1.0804119
 -0.0948951 -0.0004267 1.0789970
 -0.2754168 0.0407196 1.1292125
 -0.2393899 0.0396946 1.1453557
 -0.3737291 0.0337497 1.0756183
 -0.1736854 0.0418403 1.1168464
 -0.2566599 -0.0538307 1.1410908
 -0.1935945 0.0473264 1.0970619
 -0.4021357 0.0492196 1.0743616
 -0.3110427 0.0409669 1.0544935
 -0.1642421 0.0234238 1.1028208
 -0.2987494 0.0532762 1.0277863
 -0.2291408 -0.0886806 0.8559954
 -0.3877644 0.0690509 1.0681957
 -0.3078637 0.0382841 1.1383145
 -0.4219305 0.0660049 1.0700521
 -0.2746745 0.0302406 1.1596800
 -0.4197164 0.0725431 1.0701542
 -0.2552228 0.0426612 1.1370473
 -0.4055994 0.0670279 1.0667833
 -0.3690378 0.0582167 1.0584594
 -0.3521824 0.0451730 1.0399567
 -0.2991860 0.0255176 1.1898980
 -0.3128921 0.0634101 1.0907793
 -0.3637687 0.0322949 1.0995634
 -0.3575924 0.0260462 1.1008917
 -0.3335623 0.0324318 1.1661272
 -0.1351649 0.0362555 1.1087379
 -0.2269143 0.0411939 1.1471565
 -0.2528056 0.0638432 1.0652536
 -0.3570030 0.0255758 1.0868937
 -0.2804053 0.0254605 1.2157363
 -0.3605509 0.0661563 1.0534222
 -0.1028512 0.1905516 1.3447742
 -0.2954669 0.0333234 1.1507568
 -0.3693094 0.0616990 1.0846839
 -0.2797936 0.0307859 1.2310965
 -0.3587049 0.0543254 1.0715644
 -0.2391192 -0.0013096 1.0428070
 -0.3224794 0.0631781 1.0977836
 -0.2676704 0.0406399 1.1218668
 -0.2194183 -0.0335330 0.9300369
 -0.3052227 0.0290184 1.1871697
 -0.3149051 0.0433103 1.2307904
 -0.2686737 0.0460518 1.1174421
 -0.3126949 0.0312621 1.2016920
 -0.3162137 0.0340298 1.1539345
 -0.2031070 0.0449951 1.1017786
 -0.1880094 -0.0428138 0.9800989
 -0.2824090 0.0282517 1.1628072
 -0.3701121 0.0404388 1.0501500
 -0.4059854 0.0689571 1.0710553
 -0.3285811 0.0287920 1.1614070
 -0.2628468 0.0493525 1.2009094
 -0.0535596 0.3277091 1.6390089
 -0.4205385 0.0650863 1.0688424
 -0.2038281 -0.0298494 0.9611368
 -0.3373407 0.0386086 1.0344378
 -0.2549791 0.0361812 1.1365635
 -0.2665477 0.0333410 1.1584030
 -0.3985309 0.0686249 1.0612128
 -0.2469276 0.0370758 1.1567010
 -0.2911787 0.0383829 1.1398604
 -0.3730650 0.0395053 1.0576309
 -0.2279063 -0.0415628 0.9618466
 -0.2171698 0.0456257 1.1025584
 -0.3079459 0.0563955 1.0190057
 -0.4572522 0.0234044 1.0425739
 -0.4551715 0.0218728 1.0402236
 -0.3011855 0.0346816 1.0478574
 -0.3710558 0.0602757 1.0624325
 -0.3319477 0.0546166 1.1132150
 -0.3948359 0.0680107 1.0598820
 -0.4481688 0.0794224 1.0516595
 -0.4566485 0.0244006 1.0444926
 -0.3498240 0.0364716 1.0283599
 -0.3599087 0.0416355 1.0570587
 -0.3548473 0.0574001 1.0439421
 -0.3306794 0.0624328 1.1026537
 -0.3014273 0.0377956 1.0537874
 -0.2820620 0.0270257 1.1960611
 -0.2381977 0.0088838 1.1700749
 -0.3053742 0.0391002 1.0504941
 -0.3260721 0.0255497 1.1565270
 -0.3231191 0.0699413 1.1076834
 -0.2570223 -0.0579410 1.1291674
 -0.2338577 0.0427306 1.1112169
 -0.3831151 0.0640878 1.0758628
 -0.3218485 0.0380178 1.1498303
 -0.3043878 0.0391663 1.0696373
 -0.3129885 0.0560472 1.0781894
 -0.2388547 0.0108511 1.1727488
 -0.3527677 0.0626926 1.1206936
 -0.2309671 0.0415460 1.1535624
 -0.3205504 0.0625466 1.0944057
 -0.3393266 0.0221758 1.1432679
 -0.2243509 0.0096933 1.1566075
 -0.2558498 0.0396768 1.1436571
 -0.3125738 0.0304809 1.1598670
 -0.3722148 0.0390778 1.0556870
 -0.4059795 0.0670342 1.0657048
 -0.4881974 -0.0107109 0.9948211
 -0.3476818 0.0310763 1.0182863
 -0.3745073 0.0674909 1.0673802
 -0.3709221 0.0575995 1.0606861
 -0.3410905 0.0407387 1.1456858
 -0.5022752 0.0244370 0.9795663
 -0.4169140 0.0715378 1.0625871
 -0.3110644 0.0648096 1.1167603
 -0.3351904 0.0507108 1.1044651
 -0.2859613 0.0334928 1.1624793
 -0.3119840 0.0319892 1.1656132
 -0.4590148 0.0023030 1.0307038
 -0.5082768 0.0201547 0.9366526
 -0.5056743 0.0262792 0.9809172
 -0.3198908 0.0333035 1.1557895
 -0.2385873 0.0579584 1.0804650
 -0.3001594 0.0322666 1.0430053
 -0.4460607 0.0771079 1.0476815
 -0.5154972 0.0275627 0.9513578
 -0.3560867 0.0594694 1.0354909
 -0.3627995 0.0635554 1.0837849
 -0.5310225 0.0325031 0.9275059
 -0.5280654 0.0281426 0.9187739
 -0.4911687 0.0254069 1.0092908
 -0.5317153 0.0310354 0.9309373
 -0.3764716 0.0386491 1.0879034
 -0.3258910 0.0526394 1.0322220
 -0.4551803 -0.0349488 1.0301828
 -0.4693846 -0.0194175 1.0132645
 -0.3728970 0.0264570 1.0615678
 -0.5039129 0.0252660 0.9806248
 -0.3278474 0.0479290 1.0975329
 -0.3748380 0.0359601 1.0720794
 -0.2807581 -0.0015393 1.1536682
 -0.3192101 0.0777647 1.0160189
 -0.3566575 0.0591236 1.0515009
 -0.5225403 0.0173736 0.9451197
 -0.3367368 0.0421968 0.9245620
 -0.3208507 0.0682601 0.9960880
 -0.3973700 0.0541806 1.1014835
 -0.3543609 0.0446681 1.1687019
 -0.3651169 0.0621412 1.0948468
 -0.3236007 0.0478464 1.0217452
 -0.3570614 0.0674185 1.0512364
 -0.4216866 0.0681543 1.0802145
 -0.3639259 0.0939535 1.0609926
 -0.4882195 0.0083655 0.9893052
 -0.3008944 0.0762376 1.0323323
 -0.5095909 -0.0256031 0.9647352
 -0.3780674 0.0815762 1.0409842
 -0.3874531 0.0707530 1.0725553
 -0.3112478 0.0463103 1.0692658
 -0.3018784 0.0271056 1.1942974
 -0.3523433 0.0695016 1.0605925
 -0.3324974 0.0889442 0.9965293
 -0.5373508 -0.0002955 0.9187148
 -0.3243877 0.0798893 1.0203973
 -0.5369690 -0.0043478 0.9253623
 -0.5194291 0.0131850 0.9521082
 -0.2303083 0.0012070 1.1520449
 -0.3660055 0.0806103 1.0375274
 -0.5166109 0.0272949 0.9524913
 -0.3374285 0.0392140 1.0353069
 -0.5229188 0.0170711 0.9455187
 -0.5034856 -0.0294448 0.9714199
 -0.3571508 0.0752935 1.0470748
 -0.5343829 -0.0013721 0.9101982
 -0.5367713 0.0391671 0.9283240
 -0.3200752 0.0914523 1.0020049
 -0.5336510 0.0276672 0.9258928
 -0.3627883 0.0775383 1.0172697
 -0.4975339 0.0073428 0.9126863
 -0.4555902 -0.0348723 1.0316721
 -0.4474790 -0.0457348 1.0306698
 -0.2429280 -0.1314457 1.2897813
 -0.3477217 0.0498233 1.0600711
 -0.3114868 0.0604935 1.0954230
 -0.3171862 0.0887839 0.9922276
 -0.3329948 0.0931869 1.0110799
 -0.3003225 0.0522748 1.0933158
 -0.3284870 0.0874919 0.9867663
 -0.3228634 0.0539089 1.0255793
 -0.3552268 0.0572097 1.0406728
 -0.3366538 0.0525523 1.1093712
 -0.3393081 0.0827312 1.0041854
 -0.2286940 0.0022692 1.1549239
 -0.3880670 0.0826914 1.0535119
 -0.4674220 -0.0316749 1.0257733
 -0.2429518 0.0196365 1.1767126
 -0.5148085 0.0222587 0.9560142
 -0.3284224 0.0825997 1.0126390
 -0.4467439 0.0783318 1.0501310
 -0.3159681 0.0343964 1.0330548
 -0.3229057 0.0657213 0.9812410
 -0.3616800 0.0692611 1.0384016
 -0.2423424 -0.1318970 1.2969408
 -0.5368987 0.0406789 0.9289717
 -0.3176880 0.0874243 0.9921181
 -0.5209339 0.0314491 0.9497312
 -0.3577461 0.0565679 1.0504448
 -0.3850701 0.0680579 1.0642869
 -0.3213440 0.0913054 0.9847196
 -0.5307155 0.0455802 0.9917955
 -0.3654047 0.0610512 1.0966716
 -0.3025843 0.0760378 1.0343351
 -0.5036075 0.0115346 0.9688772
 -0.2481305 0.0599001 1.0518929
 -0.3893490 0.0270262 1.0395471
 -0.2780628 0.0344192 1.1569501
 -0.1942671 0.0500942 1.0622894
 -0.4542168 0.0942457 1.0589477
 -0.3843700 0.0643126 1.0753441
 -0.3287397 0.1007501 0.9579548
 -0.3243274 0.0899280 0.9784644
 -0.3286907 0.0999796 0.9539219
 -0.3577254 0.0172974 1.0722967
 -0.3198836 0.0763359 1.0092086
 -0.3392385 0.0298390 1.0340050
 -0.3360193 0.0574315 1.0938073
 -0.4877236 0.0249371 1.0095376
 -0.5322550 0.0300207 0.9311242
 -0.3307058 0.0502267 1.0352478
 -0.3278521 0.0806778 0.9839301
 -0.4908512 0.0011725 1.0014566
 -0.4814935 0.0008461 0.9525476
 -0.3074815 0.0475584 1.0737433
 -0.3666027 0.0673611 1.1078069
 -0.3506406 0.0347558 1.0264492
 -0.3222583 0.0254555 1.1652274
 -0.3125837 0.0591746 1.0952396
 -0.3477173 0.0590464 1.0819490
 -0.4058939 0.0850927 1.0932710
 -0.3582551 0.0462772 1.1649314
 -0.4992252 -0.0336315 0.9554569
 -0.5341412 0.0273913 0.9246318
 -0.2809103 0.0312704 1.1720833
 -0.3026345 0.0341264 1.1613548
 -0.2894106 0.0293393 1.1750495
 -0.5379657 -0.0012677 0.9245600
 -0.3985201 0.0828611 1.0685824
 -0.4875148 0.0071780 0.9804657
 -0.4879275 0.0092307 0.9850816
 -0.3552264 0.0471295 1.0438063
 -0.3763078 0.0374565 1.0706806
 -0.4553501 -0.0356301 1.0303993
 -0.3559172 0.0321966 1.0312927
 -0.3244116 0.0285893 1.1697520
 -0.4464307 0.0773774 1.0457654
 -0.3745785 0.0670842 1.0678148
 -0.3278863 0.0486843 1.0985274
 -0.3617583 0.0901306 1.1001735
 -0.3678613 0.0570458 1.0455811
 -0.3240575 0.0475480 1.0273314
 -0.3555008 -0.0146160 0.9996045
 -0.3270769 0.0654091 1.0276785
 -0.3611566 0.0276359 1.1024939
 -0.5111694 0.0234593 0.9476390
 -0.3239476 0.0381180 1.0507594
 -0.3533297 0.0549062 0.9464375
 -0.2932502 0.0479154 1.0117645
 -0.2684837 0.0282888 1.1438175
 -0.3269553 0.0365975 1.1758333
 -0.3071580 0.0463692 1.0269692
 -0.3241119 0.0573542 1.0805113
 -0.3293354 0.0541493 1.0674706
 -0.3233122 0.0516588 1.0183291
 -0.4102419 0.0686512 1.0571089
 -0.5019764 0.0226111 0.9857019
 -0.2336332 0.0397758 1.1178672
 -0.3042975 0.0301853 1.0532138
 -0.3644832 0.0599355 1.0446439
 -0.4864361 0.0198227 0.9934736
 -0.5183380 0.0257025 0.9272094
 -0.4992013 0.0024912 0.9778573
 -0.4601364 0.0255816 1.0468020
 -0.5354952 0.0390349 0.9438907
 -0.2809673 -0.0027857 1.1512837
 -0.2293305 0.0025783 1.1552491
 -0.5277091 0.0283701 0.9176686
 -0.5027933 0.0237399 0.9770037
 -0.2864913 0.0502200 1.0590855
 -0.5387483 0.0046229 0.9234291
 -0.3155610 0.0506640 1.0540427
 -0.3616816 0.0655265 1.0557905
 -0.3419205 0.0690495 1.1353947
 -0.3513628 0.0640838 1.1199769
 -0.3291307 0.1016356 0.9581392
 -0.3256136 0.0551323 1.0683026
 -0.3042927 0.1006336 0.9590741
 -0.3389847 0.0666491 1.0035100
 -0.3611125 0.0762753 1.0570160
 -0.3244787 0.0301171 1.1320004
 -0.2263603 0.0456127 1.0850856
 -0.2515041 0.0944669 0.9374440
 -0.4875140 -0.0116611 0.9925399
 -0.3071005 0.0465265 1.0276159
 -0.5160210 0.0317640 0.9761278
 -0.2142893 0.0537920 1.0062335
 -0.2000233 0.1041017 0.9217283
 -0.2217073 0.1044456 0.9205894
 -0.1979769 0.0648162 1.0091940
 -0.2336777 0.0965035 0.9400318
 -0.1631248 0.0249258 1.1053169
 -0.1631123 0.0251093 1.1096764
 -0.2243358 0.0438312 1.0825940
 -0.2484884 0.1037187 0.9403996
 -0.2713667 0.1042724 0.9295316
 -0.2362835 0.1029776 0.9321987
 -0.3638175 0.0729486 1.0186973
 -0.4256420 0.0721025 1.0719764
 -0.2804098 0.0086975 1.1992927
 -0.2331904 0.1028406 0.9291939
 -0.2478745 0.1048173 0.9148633
 -0.2320087 0.0997094 0.9424227
 -0.2363727 0.0901983 0.9757367
 -0.2805668 0.0833203 1.0191554
 -0.3501015 0.0415493 1.0396978
 -0.1483445 -0.0074822 1.1007547
 -0.2607736 0.1075230 0.9262175
 -0.1658690 0.1067096 0.9159231
 -0.0433681 0.0784968 0.9872824
 -0.2204276 0.1193239 0.8669009
 -0.2225784 0.1156424 0.8565129
 -0.2217667 0.1180476 0.8643140
 -0.0494635 0.1175142 0.9482662
 0.0885812 0.1084679 0.9308669
 0.1094700 -0.0936770 1.0547601
 0.1880176 0.0494141 1.0746750
 0.1884612 0.0493558 1.0772938
 -0.3265452 0.0507375 1.0219085
 0.1943284 0.0660270 1.1570922
 -0.2382152 0.1024273 0.9304693
 0.0641749 0.0562536 1.0813920
 -0.0649263 0.0129138 1.0714226
 -0.2137207 0.1112551 0.9175187
 0.0398500 -0.0932356 1.0029941
 -0.2545122 0.1177404 0.8641902
 0.2138669 -0.0693197 1.0267329
 0.1837532 0.0461897 1.1268104
 0.1306070 0.0682657 1.0176820
 -0.2210443 0.1077309 0.9222373
 -0.1130910 0.0607806 1.0318460
 -0.0154840 0.1216119 0.8650451
 0.1514704 -0.0136549 1.0833265
 -0.0497545 0.1219219 0.8322957
 -0.0049528 0.0941549 0.9377030
 0.0885576 0.0955620 0.9614195
 0.2014894 -0.0485649 0.9589788
 0.1592548 0.0766995 0.9662728
 0.2973184 0.0466681 1.1845636
 0.1377465 -0.0769505 0.9276952
 0.2429913 0.1444320 1.0486578
 -0.2405340 0.0226718 1.1720622
 -0.0660747 0.1057479 0.9251130
 0.3324850 0.0398304 1.1168001
 0.1434961 0.0864306 0.8740167
 0.1196882 0.0712540 0.8390654
 0.1650457 -0.1116741 1.0606875
 0.2419131 0.0146284 0.9732865
 0.0921426 0.1279131 0.7935118
 0.2106549 0.0623354 1.0221882
 0.2361420 0.0124976 0.9648704
 0.2151076 0.0561990 1.0132573
 0.2431898 -0.0189180 0.9641255
 0.2031635 -0.0706325 1.0070659
 0.2358615 0.0168684 1.0219356
 0.1710484 0.0824075 0.9832699
 0.2650785 -0.0340291 1.0521002
 -0.0456967 0.1165979 0.8683296
 0.2045685 -0.0744905 0.9529949
 0.3059050 0.0368282 1.1230024
 0.2518713 0.0951707 0.9770093
 0.0561583 -0.0564151 0.9882601
 0.2136629 0.1135391 0.8984431
 0.2172213 -0.0819770 1.1451756
 -0.1381387 0.1250185 0.8425043
 0.2727164 0.0183830 0.9802069
 0.2355145 0.0911870 0.9317331
 0.4001915 0.1698878 1.2449141
 0.1237373 0.0382375 0.8086624
 0.2939302 0.0373666 1.1610780
 0.2218590 0.1234736 0.9300324
 0.2402460 0.0766884 0.9924588
 0.1758680 0.0557653 1.1114570
 0.0411241 0.1499159 0.7815514
 0.2901380 0.0061425 0.9698713
 0.2954742 0.0068212 0.9766531
 -0.1165131 0.1194406 0.8473783
 0.1092051 0.1033011 0.7501646
 0.3163463 -0.0109732 0.9906040
 0.2620061 0.0662455 0.9799234
 0.1164623 0.0591537 1.0172869
 0.2154279 0.0134725 1.0437231
 -0.0163949 0.1034279 0.8938657
 0.2573017 0.0591458 1.0619669
 0.2906329 0.0930304 0.9584612
 0.3344496 0.0728891 1.0084156
 -0.2229661 0.1048780 0.9100069
 0.0045476 0.1365107 0.8124320
 0.1866986 0.0071641 1.0067260
 0.2186720 0.0579821 1.0230689
 0.2226995 0.0684137 1.0498122
 0.2275636 0.0664456 0.9700660
 0.2817766 -0.0185747 0.9465163
 0.1559498 0.0919570 1.0502714
 0.2074325 0.0572432 1.0103265
 0.2672908 -0.0396215 0.9522446
 0.1467998 -0.0861405 0.9997467
 0.2114192 -0.0062781 1.0427459
 0.2307321 -0.0786663 0.9450997
 0.2409372 -0.0538587 0.9382659
 0.0569138 0.0610868 1.0837059
 0.0090234 0.1400527 0.8066289
 0.2627770 -0.0608906 0.9373309
 0.1307631 0.0909838 0.7746687
 0.0871049 0.1352152 0.8140964
 0.2808857 0.1061960 0.9309916
 0.2707040 0.0275413 0.9797278
 0.3375113 0.1073926 0.9312168
 0.2856786 0.1044186 0.9092079
 0.2574894 -0.0054084 0.9533879
 0.2086087 0.1201674 0.8462552
 0.0153394 0.1482562 0.7671679
 0.4651798 0.0044253 1.0834171
 -0.0722937 0.1185198 0.8557028
 0.1663817 0.0942040 0.8867315
 0.2284616 0.1305630 0.8240856
 0.3016998 0.0924968 0.9281236
 0.3314772 0.1034967 0.9169241
 0.3278062 0.1021605 0.9135098
 0.3114856 0.0972924 0.9460086
 0.1492730 0.0274345 1.1358777
 -0.0749602 0.1039925 0.9223619
 0.1895645 0.0941733 0.8150827
 -0.0434076 0.1349929 0.8353738
 0.0878442 -0.0977669 1.0785047
 0.2224630 0.1280619 0.7773095
 0.2031300 -0.0530564 0.9490970
 0.1517014 0.1523068 0.7987981
 0.0201054 0.1252449 0.8490034
 0.3698068 0.0541478 1.0993028
 0.4286543 0.0333770 1.1678764
 0.3221512 0.0292234 0.8367339
 0.3535514 0.0024998 0.8865143
 0.2293842 0.0963058 1.0193113
 0.4445041 0.0349897 1.1861820
 0.2257936 0.0933211 1.0107366
 0.3378722 0.0242272 0.8623633
 0.1948837 0.1415347 0.7983515
 -0.1509066 -0.0032323 1.1000143
 0.2312367 -0.0240715 0.9319903
 0.1794086 0.0460933 1.1028566
 0.2605640 0.0956451 0.9762548
 0.2255474 0.1105845 0.7803160
 0.2047454 0.1323517 0.7025126
 0.3194399 0.1102934 0.9497991
 0.4697465 0.0058639 1.0911435
 0.2736914 0.1448287 0.7760803
 0.1271985 0.1218307 0.7810603
 0.2189910 0.0169112 1.0728159
 0.1606342 0.0956415 0.7840081
 -0.0233091 0.0079622 1.0555831
 1.5094748 0.1009553 2.5483196
 0.1127541 -0.0929130 1.0554488
 0.2421574 -0.0222357 0.9562378
 0.1425822 0.1416111 0.7888466
 0.2584976 0.0598957 1.0640074
 0.2539566 0.0820315 1.0161283
 0.2666989 -0.0026753 0.9527140
 0.2321154 0.1148072 0.7946715
 0.2949878 0.0328325 1.1072158
 0.2522680 0.0733026 1.0686107
 0.1762214 0.0821915 1.0172389
 -0.0427819 0.0590240 1.0241547
 0.1336259 0.0785631 0.9460636
 -0.0426414 0.0654493 1.0127290
 -0.0821025 0.1024143 0.9224631
 0.4663622 -0.0239783 1.2810315
 -0.1135357 0.0617502 1.0292172
 0.2227434 0.1409083 0.7774166
 -0.1000491 0.0606384 1.0592513
 0.2538003 0.1151892 0.8764937
 0.2504369 0.1334929 0.8081385
 0.3583194 -0.0024831 0.8634298
 0.4343567 0.0608482 1.2658856
 0.3149297 0.0163785 1.0018141
 0.2667783 0.1241044 0.9039515
 0.3178354 0.0289180 0.8298208
 0.1529045 0.0863326 0.7601767
 0.2362529 0.0693327 1.0729797
 0.2601820 0.1258981 0.8704818
 0.3043934 0.0400284 1.1863028
 0.2463584 0.1385726 0.7168636
 0.1790685 0.0846151 1.0292461
 0.2379198 0.1024899 0.7458379
 0.1062460 0.1395655 0.8138903
 -0.0804134 0.1208531 0.8546045
 0.2553531 0.0748646 0.9690341
 0.3029591 0.1129697 0.9277611
 0.0220343 0.1264101 0.8486678
 0.0707263 -0.0314820 1.1113459
 0.1567368 0.0900152 0.7706152
 0.1295834 0.1216560 0.7171699
 -0.1576485 0.1054582 0.9373314
 0.1405728 -0.0917938 0.9703259
 0.0164550 0.1441665 0.7897245
 0.1599715 0.0926618 0.7768636
 0.1252301 0.0875627 0.7625508
 0.0318894 0.1431608 0.7956017
 0.1220781 0.0833341 0.7489723
 0.0236074 0.1034674 0.9319835
 -0.0681469 0.1091047 0.9196403
 0.0617198 0.1216945 0.8709868
 0.1383813 0.0905336 1.0038300
 0.0377026 0.0318780 1.0557274
 0.2269250 0.1169083 0.8624605
 -0.0697082 0.1191337 0.8618951
 0.2501088 0.0716616 1.0635264
 0.0301372 0.0578683 1.0799887
 0.2435852 0.0882532 0.9884953
 0.1399538 -0.0855816 0.9703288
 0.1548621 -0.0919935 1.0233008
 0.0912506 0.0979860 0.9596750
 -0.2050789 0.1070748 0.9281004
 -0.0443919 0.1130692 0.8751542
 -0.1438720 -0.0056059 1.1034712
 -0.1422705 0.0396619 1.1075481
 0.1404244 -0.0773299 0.9342132
 0.1445409 -0.0675592 0.9014369
 0.1947550 -0.0758706 0.9309528
 -0.0419511 0.1138564 0.8728433
 -0.0433705 0.1166168 0.8850818
 -0.2421700 -0.1234907 1.0652084
 0.0207148 0.1124748 0.8895286
 -0.0668364 0.1193423 0.8614628
 0.1784797 0.0439131 1.1108770
 0.1675188 -0.0843825 0.9833955
 0.1413488 0.0380050 1.1559159
 0.1588695 0.0926093 0.7746251
 -0.2154344 0.0146162 1.1221558
 0.0970004 -0.0918915 1.0551734
 0.2237097 0.0936203 1.0029265
 -0.2208715 0.0768208 0.9991450
 0.1852979 -0.0859923 0.9987726
 -0.0189838 0.0380100 1.0649197
 0.1815510 0.0557714 1.1135017
 0.0976450 0.0799879 1.0158075
 -0.0833554 0.1038075 0.9189764
 -0.1243699 0.1008651 0.9257087
 0.1672617 0.1006939 0.9382668
 -0.1389682 0.1266762 0.8467579
 0.0190471 0.1072498 0.8808888
 0.1794696 0.0366303 1.1172193
 0.1598813 -0.0919531 1.0391562
 0.0686371 0.1138884 0.8767345
 0.0685947 0.1165300 0.8820525
 0.0559132 -0.0562844 0.9884154
 0.1301191 0.0680346 1.0509413
 -0.0584407 0.0042924 1.0901178
 0.0870719 -0.0908675 1.0539318
 0.1831557 -0.0615976 0.9238546
 0.1454943 0.0889938 0.9765143
 0.0732185 -0.0906912 1.0565205
 0.0232651 0.1045744 0.9369807
 -0.0223096 0.1270775 0.8322274
 -0.1326424 0.1225290 0.8328231
 -0.0373834 0.1080089 0.8624687
 -0.0537486 0.0957648 0.9393691
 0.0285833 0.0117283 1.0350927
 -0.2241927 0.0654780 1.0042588
 0.1305156 0.0709877 1.0535009
 -0.2231763 0.1038369 0.9303555
 -0.1195891 0.1021298 0.9209803
 -0.1128043 0.1024698 0.9201363
 0.0728328 0.1106360 0.9509985
 0.0293336 0.0505086 1.0778435
 0.0641346 0.0454260 1.1035068
 -0.0631349 0.1008312 0.9287325
 -0.0074809 0.1281178 0.8299310
 0.1038820 0.1032416 0.9427454
 -0.1122320 0.0553095 1.0841404
 0.0842884 0.1031146 0.9367127
 -0.0897254 0.1023874 0.9168994
 -0.1061812 0.0594085 1.0403746
 -0.1894761 0.1080068 0.9155160
 0.1035233 0.1032716 0.9443023
 0.1504121 -0.0856683 0.9878953
 0.0849415 0.1030452 0.9373537
 0.0238574 0.1034517 0.9324113
 -0.0673656 0.1043355 0.9308005
 0.0111423 0.1166626 0.8914322
 0.1496218 0.0304945 1.1501977
 0.1331209 -0.0933588 1.0180693
 0.0859799 0.1204868 0.9518553
 -0.1106725 0.1205897 0.8605781
 0.0995946 0.0003142 1.1046728
 0.0843878 0.0943727 0.9575264
 -0.1148232 0.1136857 0.8513350
 -0.3030379 0.0645664 1.0707550
 -0.1455635 0.0804311 1.0005008
 -0.2024371 0.1121734 0.9103862
 0.1366746 0.0823401 1.0099483
 0.0896855 0.1156603 0.9616874
 -0.1164841 0.1167299 0.8475077
 -0.1346446 0.0371067 1.1107012
 0.0633850 -0.0921054 1.0833434
 -0.1354517 0.0365176 1.1123946
 -0.2020471 0.0535212 1.0006598
 0.1374068 0.0815374 1.0086201
 -0.1164979 0.1223374 0.8449835
 -0.2854117 0.0486079 1.0268155
 -0.0483387 0.0392180 1.0726820
 0.0326852 0.0319402 1.0641916
 0.0888423 0.0990614 0.9675109
 -0.3046107 0.0403891 1.0857965
 0.0591447 -0.0016393 1.0099593
 0.0650339 -0.0242475 1.1179821
 0.0648954 0.1002174 0.9450343
 0.0174791 0.1185844 0.9655737
 -0.2880541 0.0560613 1.0818688
 0.0206573 0.0789530 1.1679534
 0.0770551 0.1179527 0.9594223
 0.0905324 0.1013908 0.9668358
 -0.0428988 0.0863707 0.9689643
 -0.0602247 0.0999138 0.9306074
 0.0706985 0.1037796 0.9386912
 0.0880589 0.1025492 0.9145790
 0.1147522 -0.0956909 1.0200185
 0.0820896 0.0617854 1.0976071
 -0.1383256 0.0492229 1.0982616
 -0.1689624 0.0239223 1.1247313
 -0.3282646 0.0337664 1.1330926
 0.0569005 -0.0566051 0.9885058
 0.0697106 0.0743918 1.0629174
 0.0305812 0.0106936 1.0319692
 -0.0110132 0.0838915 0.8794709
 0.0565992 -0.0569011 0.9876266
 0.0592420 -0.0044193 0.9983480
 0.1048938 -0.0042916 1.0681589
 0.1343423 0.0846979 1.1089728
 0.0589149 -0.0022992 1.0071434
 -0.0531492 0.0788765 0.8653157
 0.1059870 -0.0053267 1.0614575
 0.0332181 0.0520244 1.0612916
 -0.3085605 0.0285624 1.0871809
 -0.2908085 0.0673616 1.0463964
 -0.3089657 0.0275515 1.0882214
 0.0428070 -0.1011586 1.0579041
 -0.2132551 0.1105780 0.9167608
 0.0532571 -0.1123151 0.9558187
 0.0355516 0.0276351 1.0379217
 -0.1252407 0.1019320 0.9204413
 -0.2138207 0.1112645 0.9175356
 0.0299197 0.0106695 1.0339842
 -0.2169653 0.0480564 1.0895523
 -0.0431159 0.0775034 0.9895095
 -0.0617087 0.0813199 0.9808121
 -0.3316640 0.0499318 1.1050872
 -0.0571883 0.0975577 0.9358692
 -0.1540293 0.2521386 1.2166164
 0.0567619 -0.1317097 0.9813458
 -0.0198620 0.0294944 1.0681844
 -0.1056116 0.1012212 0.9252014
 -0.2563409 0.0434537 1.0999384
 -0.1573919 0.0892250 0.8832725
 -0.0003230 0.1074378 0.9055406
 -0.0564287 0.0108705 1.1033784
 0.0591060 -0.1304503 0.9530516
 -0.1644113 0.0431412 1.0692116
 -0.2648656 -0.0377705 1.1464378
 0.0288512 0.0383248 1.0930074
 -0.2213035 0.1076167 0.9223474
 -0.1577458 0.0206800 1.0979555
 0.0633500 -0.0921131 1.0832070
 -0.0476411 0.0869051 0.9181362
 -0.0248529 0.1047758 0.9641867
 0.0907380 0.0986762 0.9608742
 0.0154102 0.0703403 1.0393652
 -0.2410624 0.0948575 0.9423474
 0.0319190 -0.1217772 0.9814573
 -0.1141212 0.0607271 1.0312582
 -0.1636636 -0.0061057 1.1067666
 -0.3613639 0.0857737 1.0243608
 -0.2230729 0.1143294 0.9263662
 -0.3925714 0.0565799 1.0689168
 -0.0748762 0.1041843 0.9226760
 -0.2704683 0.1050409 0.9290197
 -0.3056788 0.0302608 1.0829188
 -0.4058905 0.0614085 1.0828247
 -0.3739498 0.0526877 1.0433444
 -0.3093601 0.0465939 1.0301770
 -0.3105507 0.0464301 1.0310872
 -0.2038153 0.1118653 0.9103702
 0.0813511 0.0498169 1.0578388
 -0.1613022 0.0460032 1.0924120
 0.0566320 -0.0946189 1.0683357
 0.0593797 -0.0080128 0.9863939
 0.0614983 0.0488554 1.0966345
 -0.2071516 0.1169229 0.9162131
 -0.3150149 0.0257534 1.1984689
 -0.1558066 0.0833815 0.9903396
 -0.0713722 0.1057550 0.9088852
 0.0586067 -0.1387626 0.9690604
 -0.3417523 0.0729790 1.0130572
 -0.1971727 0.0492667 1.0886389
 -0.2782702 0.1078403 0.9367203
 -0.3583807 0.0523372 1.0718396
 0.0220902 0.0594128 1.1746651
 -0.2988697 0.0429216 1.0787877
 -0.3280410 0.0256715 1.1012181
 -0.3122347 0.0539411 1.0768554
 0.0787210 0.0367932 1.0917463
 0.0540452 -0.0966115 1.1758903
 -0.1468161 0.0987696 0.9359199
 0.0309855 -0.0085509 1.0123647
 -0.2489794 0.1039235 0.9407031
 0.0349501 -0.1006075 1.0752914
 -0.2321036 0.1096802 0.8977002
 -0.0772964 0.0364168 1.0730681
 -0.3142948 0.0512868 1.0972694
 -0.2990742 0.0181125 1.2320731
 -0.1221212 0.0639133 1.0698082
 -0.2889764 0.0540495 1.0200235
 -0.1334125 0.0747419 1.0126249
 -0.1248753 0.1009773 0.9255125
 -0.3241512 0.0668796 0.9940459
 -0.2724093 0.0346090 1.1765934
 0.0248251 -0.1217716 0.9782144
 -0.1847569 0.1161716 0.9091212
 -0.2584769 0.0286838 1.1501696
 -0.2292595 0.1129879 0.9319803
 -0.2395259 0.0939005 0.9398752
 -0.0187932 0.0274603 1.0589625
 -0.2235866 0.0208410 1.1368704
 -0.2181378 0.0195961 1.1240331
 0.0353961 -0.0437484 1.0037112
 -0.3266746 0.0777224 0.9904412
 -0.0524898 0.0373618 1.0680779
 0.0467278 -0.1274854 0.9451727
 -0.0425978 0.0700410 1.0030386
 -0.0449993 0.0523314 1.0409226
 -0.1304564 0.0553100 1.0988623
 -0.3563039 0.0525392 1.0704969
 -0.2160232 0.0551567 1.0075577
 -0.2350695 -0.0486148 1.0890497
 -0.2536790 0.0499539 1.0930028
 0.0096999 0.0200241 1.0452942
 -0.2453511 0.0589064 1.0657389
 -0.1289857 0.0545467 1.0778269
 -0.0768645 0.0561005 1.0525097
 -0.2606275 0.0456728 1.1077212
 -0.2150690 -0.0154552 1.1222396
 -0.1523107 0.0514463 1.0510122
 -0.1526389 0.0557600 1.0815574
 -0.2867600 0.0518176 1.0522043
 -0.3160085 0.0690556 1.0018128
 -0.1940431 0.0503023 1.0620527
 -0.3281263 0.0870536 0.9870748
 -0.2042072 0.0665848 1.0372432
 -0.1568226 0.0222121 1.0892763
 -0.1635668 0.0444966 1.0735815
 -0.0805309 0.0533694 1.0453255
 -0.2808097 0.0010230 1.1829172
 0.0027582 0.0434283 1.0538851
 -0.1594510 0.0164637 1.1011447
 0.0012130 0.0427783 1.0503500
 -0.3176689 0.0409488 1.1358179
 -0.1274952 0.0580410 1.0698247
 -0.1976798 0.0416806 1.1087441
 -0.1255845 0.0668958 1.0199838
 -0.0421427 0.0624587 1.0238990
 -0.1788936 0.0460034 1.0682405
 -0.1344541 0.0561847 1.0620600
 -0.1285919 0.0531157 1.0763357
 -0.3498961 0.0494942 1.0950409
 -0.0767986 0.0023747 1.0706230
 -0.0021668 0.0714993 1.0444967
 -0.2767297 0.0433791 1.1178948
 0.0057340 0.0424063 1.0602686
 -0.3451931 0.0610332 1.1160511
 0.0061722 0.0429115 1.0572407
 -0.3464664 0.0595228 1.1184033
 -0.2462756 0.0588668 1.0670383
 -0.2173297 0.0161485 1.1223778
 -0.2874765 0.0474552 1.0705557
 -0.2029477 0.0447061 1.1015182
 -0.1592726 -0.0104328 1.0969313
 -0.0929612 0.0561189 1.0498252
 -0.1419678 0.0236483 1.0781517
 -0.1021023 0.0312613 1.0836846
 -0.1792248 0.0455815 1.0977709
 -0.2132193 0.0509268 1.0017991
 -0.1030295 0.0600710 1.0895542
 -0.2241574 0.0762051 1.0206023
 -0.1873857 0.0440708 1.1051887
 -0.1524208 0.0143456 1.0871605
 -0.2858071 0.0195468 1.1981539
 -0.1570534 0.0821986 0.9899927
 -0.1291785 0.0560720 1.0696805
 -0.0315089 0.0380941 1.0667443
 0.0226529 -0.0608486 1.0026571
 -0.3185095 0.0389673 1.1319487
 -0.1940805 0.0738487 1.0116470
 -0.2139139 0.0360474 1.1086808
 -0.3027098 0.0255915 1.1895680
 0.0326457 0.0615206 1.0845252
 -0.3378228 0.0463330 1.2238492
 -0.2601976 -0.1834052 1.0479360
 -0.2586907 -0.1822829 1.0461886
 -0.2556192 -0.0273702 1.2186766
 -0.2561046 -0.0279868 1.2205622
 -0.3368061 0.0308368 1.1555325
 0.0840282 0.0894734 1.1203942
 -0.3069949 0.0244003 1.2277200
 -0.3230419 0.0365799 1.1486220
 0.0235404 -0.1527780 0.9730867
 -0.2550635 -0.0273219 1.2307088
 -0.1109895 0.0574744 1.0699506
 -0.3679482 0.0565173 1.0680025
 -0.2802226 0.0006488 1.1689910
 0.0475421 0.0583758 1.0682176
 -0.2596228 -0.1825046 1.0632561
 -0.2827278 0.0251959 1.1887608
 -0.2371658 0.0226329 1.1635245
 -0.3443667 0.0490509 1.0911610
 -0.3306197 0.0224832 1.1575123
 -0.3802359 0.0488963 1.0870346
 -0.1218377 -0.1764341 1.0527664
 -0.3251976 0.0296392 1.1964040
 -0.2398670 0.0411230 1.1580619
 0.0061749 -0.1605790 1.0267417
 0.0286182 -0.1583900 0.9758010
 -0.2884407 0.0516727 1.0448869
 -0.1360431 -0.1783322 1.0360198
 -0.0860055 0.0569227 1.0592331
 -0.2179700 0.0187130 1.1449172
 -0.0349535 -0.1822221 1.1600716
 0.0398892 -0.1918861 1.0837486
 0.0255260 -0.1586622 1.0623680
 -0.1322446 -0.1757641 1.0594741
 -0.3073315 0.0337106 1.0448241
 -0.1735082 0.0468711 1.1206515
 0.0770028 -0.1906872 1.1518018
 -0.1800248 0.0371578 1.1375642
 -0.2785160 -0.0106854 1.1802255
 -0.4061505 0.0410732 1.0351774
 -0.2808262 0.0117125 1.1695069
 -0.3616982 0.0585997 1.0736264
 -0.3060856 0.0571556 1.0233666
 -0.1976310 0.0485689 1.0859544
 -0.2551224 -0.1882287 1.0532587
 -0.0326498 -0.1825806 1.1613259
 -0.1930250 0.0515067 1.0754265
 -0.2610605 0.0463899 1.1097929
 0.0529205 -0.1915623 1.1070682
 -0.2245003 0.0110486 1.1598767
 -0.1109266 0.0613287 1.0766301
 -0.0395010 -0.1830245 1.1469308
 -0.2407869 0.0202149 1.1823074
 -0.0957600 0.0595046 1.0771242
 -0.0219425 -0.1603732 1.4358730
 -0.0367082 0.0297362 1.0664293
 -0.1156940 -0.1806133 1.0923038
 -0.0786377 0.0515553 1.0423347
 -0.3481135 0.0448735 1.0772120
 -0.2293167 0.0443933 1.0805798
 -0.3372766 0.0281373 1.1657321
 -0.3457098 0.0495487 1.0985129
 -0.0045482 0.1139474 1.0838251
 -0.0329751 0.0941340 0.9927453
 -0.2007089 0.0819062 1.0019751
 -0.2096828 0.0797004 0.9901710
 -0.3585968 0.0310654 1.1077937
 -0.3011753 0.0744112 1.0311102
 -0.2227407 0.0661662 1.0183100
 -0.3718577 0.0571661 1.0650411
 -0.2843769 0.0555471 1.0766959
 0.0336915 0.0627157 1.0975651
 -0.0355468 -0.1689095 0.9395611
 -0.3738164 0.0383000 1.0939136
 -0.2131747 0.0400009 1.1202854
 -0.1615516 0.0198347 1.1071197
 -0.2712944 0.0284125 1.1298270
 -0.1411879 0.0378921 1.1045457
 -0.1962186 0.0689763 1.0012394
 -0.3069829 0.0239890 1.2265497
 -0.1408574 0.0547498 1.0453786
 -0.2326169 0.0045510 1.1602529
 -0.0763338 0.0190626 1.0746571
 -0.0815985 0.0507687 1.0384567
 0.0560453 -0.1794227 1.6905843
 -0.1296471 0.0521788 1.0743467
 -0.3825578 0.0651940 1.0544058
 -0.1965085 0.0625645 1.0082581
 -0.2858880 0.0272996 1.1905911
 -0.1683380 0.0461045 1.1073636
 -0.3310224 0.0808108 1.0145764
 -0.2256037 0.0810927 1.0169482
 -0.3264041 0.0845410 0.9822710
 -0.1546872 0.0603394 1.1618292
 -0.1213341 0.0582243 1.0585989
 -0.2509808 0.0980596 0.9487642
 -0.2289272 0.0034849 1.1631192
 -0.1067141 0.0574435 1.0827614
 -0.3182711 0.0878972 0.9924688
 -0.0216642 0.0067010 1.0508677
 -0.2741170 -0.0029253 1.1926640
 -0.2843933 0.0285490 1.1948810
 -0.1390925 0.1202570 0.8396333
 -0.1395941 0.1198352 0.8377206
 -0.0726267 0.1048412 0.9107995
 -0.1194687 0.1161658 0.8438328
 -0.2237311 0.0988092 0.9196504
 -0.3337005 0.0334693 1.1730177
 -0.1155052 0.1196451 0.8541621
 -0.0048869 0.0953079 0.9415750
 -0.1561873 0.0239698 1.0964895
 -0.1718981 0.0373174 1.1330938
 -0.2376011 0.1022841 0.9333439
 -0.3335240 0.0816620 0.9796537
 -0.1974030 0.1003202 0.9103519
 -0.2473789 0.1041026 0.9410125
 -0.3231466 0.0527676 1.1132190
 -0.2441930 0.1307042 0.9267458
 -0.1168743 0.1188354 0.8532245
 -0.2490526 0.1035697 0.9395779
 -0.1177703 0.1175595 0.8491345
 -0.0999276 0.0330916 1.0823557
 -0.1984833 0.0796585 1.0080222
 -0.0457758 0.0523425 1.0404903
 -0.0507685 0.1263423 0.9787706
 -0.3199810 0.0705377 1.0218991
 -0.1233398 0.0545715 1.0451241
 -0.2020077 0.0461415 1.1078721
 -0.2479524 0.1062085 0.9215553
 -0.2286409 0.0923767 0.9195400
 -0.1564703 0.1044148 0.9349758
 -0.1545657 0.0820548 0.9960658
 -0.3647493 0.0576975 1.0484166
 -0.1378029 0.1216405 0.8435224
 -0.1532905 0.0864123 1.0062711
 -0.2922269 0.0661572 1.0366530
 -0.1632096 0.0433863 1.0734521
 -0.3858666 0.0540478 1.1185822
 -0.2821918 0.1175931 0.8997472
 -0.1291740 0.0573284 1.0689744
 -0.0654016 0.1064732 0.9111362
 -0.3850263 0.0541799 1.1148617
 -0.3268933 0.0995832 0.9585587
 -0.2477675 0.0577316 1.0676812
 -0.3712026 0.0847116 1.0632508
 -0.3009562 0.0731943 1.0320421
 -0.0664911 0.0981888 0.9206926
 -0.3334056 0.0426087 1.0505199
 -0.3843666 0.0539631 1.0973912
 -0.2714764 0.1045536 0.9354550
 -0.2768926 0.1075678 0.9022501
 -0.1246588 0.0997766 0.9220102
 -0.0839377 0.0538509 1.0597926
 -0.0050148 0.0713486 1.0486168
 -0.0788999 0.0189352 1.0634524
 -0.2182385 0.0179956 1.1216353
 -0.1159499 0.1208539 0.8519660
 -0.2236894 0.1181570 0.8660745
 -0.3163216 0.0387237 1.0348456
 -0.0568604 0.0981798 0.9401784
 -0.2234406 0.0816126 1.0175126
 -0.1375220 0.1237631 0.8443650
 -0.2763947 0.1056462 0.8966983
 -0.2808653 0.0074224 1.1856712
 -0.0537066 0.1216546 0.8244095
 0.0039383 0.0430421 1.0561243
 -0.2478806 0.1098608 0.9330008
 -0.2127841 -0.0137497 1.1506338
 -0.1341160 0.1284684 0.8461397
 -0.2525399 0.0888131 0.9178111
 0.0421554 0.0622402 1.1070390
 -0.2855811 0.1561997 1.0181890
 -0.3009377 0.1510393 0.9230337
 -0.1460702 0.0542093 1.0464627
 -0.1813734 0.1126540 0.9021223
 -0.0994612 0.1253566 0.8452108
 -0.1937327 0.0984827 0.8833698
 -0.0471265 0.0903744 0.9596540
 -0.0450409 0.1187178 0.8486881
 -0.1491500 0.0563339 1.0308461
 -0.2315329 0.1045349 0.9212332
 -0.1959719 0.0648778 1.0155385
 -0.2674608 0.1041845 0.9349008
 -0.0930792 0.0041004 1.0800132
 -0.3028190 0.0260874 1.1987295
 -0.0158625 0.0393040 1.0747517
 -0.0485044 0.1142648 0.8319543
 -0.1053372 0.1150689 0.8419642
 -0.0249383 0.1172468 0.8426663
 -0.2321807 0.0367790 1.1326663
 -0.2441787 0.0892551 0.8207008
 -0.3281721 0.0258570 1.1084684
 -0.3363443 0.0455328 1.0716081
 -0.0468175 0.1160093 0.8230553
 0.0204999 0.0498337 1.0843054
 -0.2827165 0.1224818 0.9146143
 -0.2205385 0.1185323 0.8673773
 -0.0522292 0.1224851 0.8282594
 -0.3562592 0.0367046 1.0492949
 -0.1497252 -0.0088919 1.0972360
 -0.2235421 0.0445544 1.0875143
 0.0557981 0.0523188 1.0693089
 -0.3800248 0.0356321 0.8984907
 -0.3653851 0.0350377 1.0586717
 -0.2316862 0.0030506 1.1396176
 -0.1971189 0.1075670 0.9107036
 -0.1493848 0.0974487 0.9319469
 -0.2810881 -0.0048969 1.1625856
 -0.2247959 0.0734468 1.0056132
 -0.0415239 0.0166673 1.0658594
 -0.0484136 0.1172287 0.8375417
 0.0204367 0.0087124 1.0095088
 -0.1473046 0.0894491 0.9554518
 -0.3576420 0.0756704 1.0491797
 -0.1370573 0.1236857 0.8346391
 -0.3357886 0.1000733 0.9450710
 -0.1202144 0.1017185 0.9199096
 -0.2719581 0.0400238 1.1958581
 -0.2367058 0.0927929 0.8846543
 -0.2598054 0.1054975 0.9215348
 -0.2363779 0.0979732 0.9049426
 0.0569136 -0.0027117 1.0851904
 -0.2958358 0.0738944 1.0467764
 -0.1191565 0.0636502 1.0166242
 -0.2914751 0.1021010 0.8041355
 -0.3221207 0.0863958 0.9620942
 -0.3373200 0.0989878 0.9577739
 -0.3328052 0.0449101 1.0612437
 -0.3624207 0.0669112 1.0823470
 -0.0046205 0.0946896 0.9368571
 -0.0911313 0.0992266 0.9159914
 -0.2260727 0.1163517 0.8559814
 -0.2758776 0.0823765 0.9979770
 -0.2822630 0.1309415 0.9546630
 -0.2516013 0.1174396 0.8755618
 -0.2140998 0.0563804 1.0193369
 -0.1563950 0.0813049 0.9899200
 -0.2776435 0.0945732 0.8611056
 -0.0766119 0.0342908 1.0711459
 -0.2056984 0.0855485 1.0077459
 0.4548236 0.7277228 2.2537992
 -0.1319873 0.0939933 0.8946809
 -0.3019807 0.1036214 0.9406732
 -0.2404025 0.0942978 0.9411337
 -0.2266065 0.0750439 1.0025673
 -0.1840080 -0.0113870 1.1124467
 -0.0332878 0.0975137 0.9832972
 -0.1464845 0.0812975 1.0020212
 -0.3076701 0.0286795 1.0857432
 -0.2011878 0.1068939 0.8919726
 0.8006502 0.7530605 2.5126467
 -0.1019228 0.1156921 0.8555604
 -0.3113572 0.0177081 1.0922141
 -0.2041229 0.1008136 0.9241078
 -0.0326499 0.0397450 1.0791219
 -0.1488180 -0.0085959 1.1071336
 -0.1629307 0.1085874 0.9240499
 -0.4626964 0.0956392 1.0994272
 -0.0483739 0.0727211 0.9794896
 -0.2810549 0.0090141 1.2008097
 -0.0465387 0.0927184 0.9461715
 -0.0480308 0.1145739 0.8325738
 -0.2014264 0.0468565 1.1139556
 0.0036064 0.0140732 1.0553049
 -0.0309111 0.0406079 1.0856205
 -0.3242897 0.0649568 0.9339934
 -0.0443949 0.0935412 0.9556121
 0.0023990 0.0035017 1.0776042
 -0.4697756 -0.0358007 1.0802581
 -0.3095059 0.0188621 1.1269211
 -0.3938241 0.0741008 1.0992014
 -0.2811776 0.0072146 1.1724051
 -0.2004491 0.0856267 1.0186977
 -0.3148135 0.1118972 0.8503639
 -0.2735195 -0.0037853 1.1792608
 -0.1615022 0.1089313 0.7964252
 -0.0734752 0.0041997 1.0814914
 -0.1199770 0.1077656 0.8332675
 -0.3559535 0.0636127 1.0331262
 -0.3016087 0.0711873 1.0166835
 -0.3162682 0.0712921 1.0960165
 -0.0431525 0.0552928 1.0532559
 -0.2132487 -0.0133327 1.1220495
 -0.0867471 0.0894565 0.9662228
 -0.1769576 0.0166626 0.6174088
 -0.2489645 0.1048800 0.9206246
 -0.0221474 0.0371826 1.0669998
 -0.1434718 0.1008022 0.9153246
 -0.1549414 0.0811718 0.9910581
 -0.0701907 0.1041625 0.9236023
 -0.2384691 0.1072388 0.8775938
 -0.1919858 0.0534685 1.0943609
 -0.1227237 0.0898432 0.8601047
 -0.3837183 0.0779835 1.0305473
 -0.0336471 0.0031983 1.0566481
 -0.3688548 0.0633109 1.0822783
 -0.3663919 0.0766441 1.0341059
 -0.2429867 0.0921830 0.9325179
 -0.1682035 0.0211799 1.1049912
 -0.1265735 0.0142608 1.0924144
 -0.2362067 0.0905637 0.9755494
 -0.2081313 0.0609024 1.0034463
 -0.0577406 0.0203641 1.0699981
 -0.1926548 -0.0126053 1.1133050
 -0.1934218 -0.0124816 1.1148731
 -0.3829931 0.1211118 1.2019786
 -0.3801410 0.1203474 1.1993409
 -0.0753719 0.1158217 0.9657906
 -0.1002041 0.1157836 0.8532336
 -0.3715379 0.0351180 1.0535651
